00001
00002
00003
00004
00005
00006
00007
00008
00009
00010
00011
00012
00017
00018
00019
00020
00025
00026
00027
00028
00033
00034
00035
00036
00041
00042
00043
00044
00053
00054
00055
00056
00057
00058
00059
00060
00061
00062
00063
00064
00325
00326
00327
00328
00493
00494
00495
00496
00505
00506
00507
00508
00553
00554
00555
00556
00565
00566
00567
00568
00569
00570
00571
00572
00577
00578
00579
00580
00613
00614
00615
00616
00637
00638
00639
00640
00641
00642
00643
00644
00645
00646
00647
00648
00757
00758
00759
00760
00769
00770
00771
00772
00781
00782
00783
00784
00793
00794
00795
00796
00797
00798
00799
00800
00805
00806
00807
00808
00833
00834
00835
00836
00837
00838
00839
00840
00849
00850
00851
00852
00865
00866
00867
00868
00881
00882
00883
00884
00885
00886
00887
00888
00893
00894
00895
00896
00901
00902
00903
00904
01265
01266
01267
01268
01277
01278
01279
01280
01281
01282
01283
01284
01285
01286
01287
01288
01329
01330
01331
01332
01385
01386
01387
01388
01389
01390
01391
01392
01909
01910
01911
01912
01929
01930
01931
01932
02001
02002
02003
02004
02005
02006
02007
02008
02009
02010
02011
02012
02021
02022
02023
02024
02121
02122
02123
02124
02137
02138
02139
02140
02141
02142
02143
02144
02157
02158
02159
02160
02177
02178
02179
02180
02201
02202
02203
02204
02205
02206
02207
02208
02221
02222
02223
02224
02233
02234
02235
02236
02257
02258
02259
02260
02261
02262
02263
02264
02269
02270
02271
02272
02757
02758
02759
02760
02761
02762
02763
02764
02773
02774
02775
02776
02821
02822
02823
02824
02873
02874
02875
02876
03097
03098
03099
03100
