0 600 0 1625
1 1900 2300 1625
2 7100 2300 1625
3 12300 2300 1625
4 1900 -5000 1625
5 7100 -5000 1625
6 12300 -5000 1625
7 29000 -2500 1625
8 800 0 1625
9 2100 2300 1625
10 7300 2300 1625
11 12500 2300 1625
12 2100 -5000 1625
13 7300 -5000 1625
14 12500 -5000 1625
15 29200 -2500 1625
16 1000 0 1625
17 2300 2300 1625
18 7500 2300 1625
19 12700 2300 1625
20 2300 -5000 1625
21 7500 -5000 1625
22 12700 -5000 1625
23 29400 -2500 1625
24 1200 0 1625
25 2500 2300 1625
26 7700 2300 1625
27 12900 2300 1625
28 2500 -5000 1625
29 7700 -5000 1625
30 12900 -5000 1625
31 29600 -2500 1625
32 1400 0 1625
33 2700 2300 1625
34 7900 2300 1625
35 13100 2300 1625
36 2700 -5000 1625
37 7900 -5000 1625
38 13100 -5000 1625
39 29800 -2500 1625
40 1600 0 1625
41 2900 2300 1625
42 8100 2300 1625
43 13300 2300 1625
44 2900 -5000 1625
45 8100 -5000 1625
46 13300 -5000 1625
47 30000 -2500 1625
48 1800 0 1625
49 3100 2300 1625
50 8300 2300 1625
51 13500 2300 1625
52 3100 -5000 1625
53 8300 -5000 1625
54 13500 -5000 1625
55 30200 -2500 1625
56 2000 0 1625
57 3300 2300 1625
58 8500 2300 1625
59 13700 2300 1625
60 3300 -5000 1625
61 8500 -5000 1625
62 13700 -5000 1625
63 30400 -2500 1625
64 2200 0 1625
65 3500 2300 1625
66 8700 2300 1625
67 13900 2300 1625
68 3500 -5000 1625
69 8700 -5000 1625
70 13900 -5000 1625
71 30600 -2500 1625
72 2400 0 1625
73 3700 2300 1625
74 8900 2300 1625
75 14100 2300 1625
76 3700 -5000 1625
77 8900 -5000 1625
78 14100 -5000 1625
79 30800 -2500 1625
80 2600 0 1625
81 3900 2300 1625
82 9100 2300 1625
83 14300 2300 1625
84 3900 -5000 1625
85 9100 -5000 1625
86 14300 -5000 1625
87 31000 -2500 1625
88 2800 0 1625
89 4100 2300 1625
90 9300 2300 1625
91 14500 2300 1625
92 4100 -5000 1625
93 9300 -5000 1625
94 14500 -5000 1625
95 31200 -2500 1625
96 3000 0 1625
97 4300 2300 1625
98 9500 2300 1625
99 14700 2300 1625
100 4300 -5000 1625
101 9500 -5000 1625
102 14700 -5000 1625
103 31400 -2500 1625
104 3200 0 1625
105 4500 2300 1625
106 9700 2300 1625
107 14900 2300 1625
108 4500 -5000 1625
109 9700 -5000 1625
110 14900 -5000 1625
111 31600 -2500 1625
112 3400 0 1625
113 4700 2300 1625
114 9900 2300 1625
115 15100 2300 1625
116 4700 -5000 1625
117 9900 -5000 1625
118 15100 -5000 1625
119 31800 -2500 1625
120 3600 0 1625
121 4900 2300 1625
122 10100 2300 1625
123 15300 2300 1625
124 4900 -5000 1625
125 10100 -5000 1625
126 15300 -5000 1625
127 32000 -2500 1625
128 3800 0 1625
129 5100 2300 1625
130 10300 2300 1625
131 15500 2300 1625
132 5100 -5000 1625
133 10300 -5000 1625
134 15500 -5000 1625
135 32200 -2500 1625
136 4000 0 1625
137 5100 2493 1625
138 10300 2493 1625
139 15500 2493 1625
140 5100 -4807 1625
141 10300 -4807 1625
142 15500 -4807 1625
143 32400 -2500 1625
144 4200 0 1625
145 5100 2686 1625
146 10300 2686 1625
147 15500 2686 1625
148 5100 -4614 1625
149 10300 -4614 1625
150 15500 -4614 1625
151 32600 -2500 1625
152 4400 0 1625
153 5100 2879 1625
154 10300 2879 1625
155 15500 2879 1625
156 5100 -4421 1625
157 10300 -4421 1625
158 15500 -4421 1625
159 32800 -2500 1625
160 4600 0 1625
161 5100 3071 1625
162 10300 3071 1625
163 15500 3071 1625
164 5100 -4229 1625
165 10300 -4229 1625
166 15500 -4229 1625
167 33000 -2500 1625
168 4800 0 1625
169 5100 3264 1625
170 10300 3264 1625
171 15500 3264 1625
172 5100 -4036 1625
173 10300 -4036 1625
174 15500 -4036 1625
175 33200 -2500 1625
176 5000 0 1625
177 5100 3457 1625
178 10300 3457 1625
179 15500 3457 1625
180 5100 -3843 1625
181 10300 -3843 1625
182 15500 -3843 1625
183 33400 -2500 1625
184 5200 0 1625
185 5100 3650 1625
186 10300 3650 1625
187 15500 3650 1625
188 5100 -3650 1625
189 10300 -3650 1625
190 15500 -3650 1625
191 33600 -2500 1625
192 5400 0 1625
193 5100 3843 1625
194 10300 3843 1625
195 15500 3843 1625
196 5100 -3457 1625
197 10300 -3457 1625
198 15500 -3457 1625
199 33800 -2500 1625
200 5600 0 1625
201 5100 4036 1625
202 10300 4036 1625
203 15500 4036 1625
204 5100 -3264 1625
205 10300 -3264 1625
206 15500 -3264 1625
207 34000 -2500 1625
208 5800 0 1625
209 5100 4229 1625
210 10300 4229 1625
211 15500 4229 1625
212 5100 -3071 1625
213 10300 -3071 1625
214 15500 -3071 1625
215 34200 -2500 1625
216 6000 0 1625
217 5100 4421 1625
218 10300 4421 1625
219 15500 4421 1625
220 5100 -2879 1625
221 10300 -2879 1625
222 15500 -2879 1625
223 34400 -2500 1625
224 6200 0 1625
225 5100 4614 1625
226 10300 4614 1625
227 15500 4614 1625
228 5100 -2686 1625
229 10300 -2686 1625
230 15500 -2686 1625
231 34600 -2500 1625
232 6400 0 1625
233 5100 4807 1625
234 10300 4807 1625
235 15500 4807 1625
236 5100 -2493 1625
237 10300 -2493 1625
238 15500 -2493 1625
239 34800 -2500 1625
240 6600 0 1625
241 5100 5000 1625
242 10300 5000 1625
243 15500 5000 1625
244 5100 -2300 1625
245 10300 -2300 1625
246 15500 -2300 1625
247 35000 -2500 1625
248 6800 0 1625
249 4900 5000 1625
250 10100 5000 1625
251 15300 5000 1625
252 4900 -2300 1625
253 10100 -2300 1625
254 15300 -2300 1625
255 35200 -2500 1625
256 7000 0 1625
257 4700 5000 1625
258 9900 5000 1625
259 15100 5000 1625
260 4700 -2300 1625
261 9900 -2300 1625
262 15100 -2300 1625
263 35400 -2500 1625
264 7200 0 1625
265 4500 5000 1625
266 9700 5000 1625
267 14900 5000 1625
268 4500 -2300 1625
269 9700 -2300 1625
270 14900 -2300 1625
271 35600 -2500 1625
272 7400 0 1625
273 4300 5000 1625
274 9500 5000 1625
275 14700 5000 1625
276 4300 -2300 1625
277 9500 -2300 1625
278 14700 -2300 1625
279 35800 -2500 1625
280 7600 0 1625
281 4100 5000 1625
282 9300 5000 1625
283 14500 5000 1625
284 4100 -2300 1625
285 9300 -2300 1625
286 14500 -2300 1625
287 36000 -2500 1625
288 7800 0 1625
289 3900 5000 1625
290 9100 5000 1625
291 14300 5000 1625
292 3900 -2300 1625
293 9100 -2300 1625
294 14300 -2300 1625
295 36200 -2500 1625
296 8000 0 1625
297 3700 5000 1625
298 8900 5000 1625
299 14100 5000 1625
300 3700 -2300 1625
301 8900 -2300 1625
302 14100 -2300 1625
303 36400 -2500 1625
304 8200 0 1625
305 3500 5000 1625
306 8700 5000 1625
307 13900 5000 1625
308 3500 -2300 1625
309 8700 -2300 1625
310 13900 -2300 1625
311 36600 -2500 1625
312 8400 0 1625
313 3300 5000 1625
314 8500 5000 1625
315 13700 5000 1625
316 3300 -2300 1625
317 8500 -2300 1625
318 13700 -2300 1625
319 36800 -2500 1625
320 8600 0 1625
321 3100 5000 1625
322 8300 5000 1625
323 13500 5000 1625
324 3100 -2300 1625
325 8300 -2300 1625
326 13500 -2300 1625
327 37000 -2500 1625
328 8800 0 1625
329 2900 5000 1625
330 8100 5000 1625
331 13300 5000 1625
332 2900 -2300 1625
333 8100 -2300 1625
334 13300 -2300 1625
335 37000 -2308 1625
336 9000 0 1625
337 2700 5000 1625
338 7900 5000 1625
339 13100 5000 1625
340 2700 -2300 1625
341 7900 -2300 1625
342 13100 -2300 1625
343 37000 -2115 1625
344 9200 0 1625
345 2500 5000 1625
346 7700 5000 1625
347 12900 5000 1625
348 2500 -2300 1625
349 7700 -2300 1625
350 12900 -2300 1625
351 37000 -1923 1625
352 9400 0 1625
353 2300 5000 1625
354 7500 5000 1625
355 12700 5000 1625
356 2300 -2300 1625
357 7500 -2300 1625
358 12700 -2300 1625
359 37000 -1731 1625
360 9600 0 1625
361 2100 5000 1625
362 7300 5000 1625
363 12500 5000 1625
364 2100 -2300 1625
365 7300 -2300 1625
366 12500 -2300 1625
367 37000 -1538 1625
368 9800 0 1625
369 1900 5000 1625
370 7100 5000 1625
371 12300 5000 1625
372 1900 -2300 1625
373 7100 -2300 1625
374 12300 -2300 1625
375 37000 -1346 1625
376 10000 0 1625
377 37000 -1154 1625
378 10200 0 1625
379 37000 -962 1625
380 10400 0 1625
381 37000 -769 1625
382 10600 0 1625
383 37000 -577 1625
384 10800 0 1625
385 37000 -385 1625
386 11000 0 1625
387 37000 -192 1625
388 11200 0 1625
389 37000 0 1625
390 11400 0 1625
391 36800 0 1625
392 11600 0 1625
393 36600 0 1625
394 11800 0 1625
395 36400 0 1625
396 12000 0 1625
397 36200 0 1625
398 12200 0 1625
399 36000 0 1625
400 12400 0 1625
401 35800 0 1625
402 12600 0 1625
403 35600 0 1625
404 12800 0 1625
405 35400 0 1625
406 13000 0 1625
407 35200 0 1625
408 13200 0 1625
409 35000 0 1625
410 13400 0 1625
411 34800 0 1625
412 13600 0 1625
413 34600 0 1625
414 13800 0 1625
415 34400 0 1625
416 14000 0 1625
417 34200 0 1625
418 14200 0 1625
419 34000 0 1625
420 14400 0 1625
421 33800 0 1625
422 14600 0 1625
423 33600 0 1625
424 14800 0 1625
425 33400 0 1625
426 15000 0 1625
427 33200 0 1625
428 15200 0 1625
429 33000 0 1625
430 15400 0 1625
431 32800 0 1625
432 15600 0 1625
433 32600 0 1625
434 15800 0 1625
435 32400 0 1625
436 16000 0 1625
437 32200 0 1625
438 16200 0 1625
439 32000 0 1625
440 16400 0 1625
441 31800 0 1625
442 16600 0 1625
443 31600 0 1625
444 16800 0 1625
445 31400 0 1625
446 17000 0 1625
447 31200 0 1625
448 17200 0 1625
449 31000 0 1625
450 17400 0 1625
451 30800 0 1625
452 17600 0 1625
453 30600 0 1625
454 17800 0 1625
455 30400 0 1625
456 18000 0 1625
457 30200 0 1625
458 18200 0 1625
459 30000 0 1625
460 18400 0 1625
461 29800 0 1625
462 18600 0 1625
463 29600 0 1625
464 18800 0 1625
465 29400 0 1625
466 19000 0 1625
467 29200 0 1625
468 19200 0 1625
469 29000 0 1625
470 19400 0 1625
471 29000 192 1625
472 19600 0 1625
473 29000 385 1625
474 19800 0 1625
475 29000 577 1625
476 20000 0 1625
477 29000 769 1625
478 20200 0 1625
479 29000 962 1625
480 20400 0 1625
481 29000 1154 1625
482 20600 0 1625
483 29000 1346 1625
484 20800 0 1625
485 29000 1538 1625
486 21000 0 1625
487 29000 1731 1625
488 21200 0 1625
489 29000 1923 1625
490 21400 0 1625
491 29000 2115 1625
492 21600 0 1625
493 29000 2308 1625
494 21800 0 1625
495 29000 2500 1625
496 22000 0 1625
497 29200 2500 1625
498 22200 0 1625
499 29400 2500 1625
500 22400 0 1625
501 29600 2500 1625
502 22600 0 1625
503 29800 2500 1625
504 22800 0 1625
505 30000 2500 1625
506 23000 0 1625
507 30200 2500 1625
508 23200 0 1625
509 30400 2500 1625
510 23400 0 1625
511 30600 2500 1625
512 23600 0 1625
513 30800 2500 1625
514 23800 0 1625
515 31000 2500 1625
516 24000 0 1625
517 31200 2500 1625
518 24200 0 1625
519 31400 2500 1625
520 24400 0 1625
521 31600 2500 1625
522 24600 0 1625
523 31800 2500 1625
524 24800 0 1625
525 32000 2500 1625
526 25000 0 1625
527 32200 2500 1625
528 25200 0 1625
529 32400 2500 1625
530 25400 0 1625
531 32600 2500 1625
532 25600 0 1625
533 32800 2500 1625
534 25800 0 1625
535 33000 2500 1625
536 26000 0 1625
537 33200 2500 1625
538 26200 0 1625
539 33400 2500 1625
540 26400 0 1625
541 33600 2500 1625
542 26600 0 1625
543 33800 2500 1625
544 26800 0 1625
545 34000 2500 1625
546 27000 0 1625
547 34200 2500 1625
548 27200 0 1625
549 34400 2500 1625
550 27400 0 1625
551 34600 2500 1625
552 34800 2500 1625
553 35000 2500 1625
554 35200 2500 1625
555 35400 2500 1625
556 35600 2500 1625
557 35800 2500 1625
558 36000 2500 1625
559 36200 2500 1625
560 36400 2500 1625
561 36600 2500 1625
562 36800 2500 1625
563 37000 2500 1625
